-0.1046569484086757
-0.010238952076933126
-0.5445317534497034
-0.03546238835312396
-0.031309994512998714
0.027892669299629656
0.17718578093811538
0.08248645171185971
0.15391466883045635
0.2525424484174261
0.6394718565802758
0.14368132466469757
0.5240183416668657
0.1949910035057113
0.5551572178674443
-0.42195822290975715
0.5631784013052998
0.4022070211270045
0.4837138595986557
-0.255838006868774
0.18147047891194257
0.023794294509559832
0.3900926242615059
0.5535976163440574
0.40349878679727436
0.23301706126789162
0.2263085555733807
0.3469629502090026
-0.01479601031285538
-0.4202539319347805
0.5088621989297226
-0.25375061926376324
0.7130960550204902
-0.1285136430571477
0.822223884158886
-0.666050326923928
-0.2617504449974424
0.6127441791328354
-0.029620091508209784
0.34067365077148903
0.4099195993103829
0.8236257681236538
-0.08372478353182639
-0.11466798325343457
0.8162735929255072
0.24296140067832392
0.5093280147212133
0.6129567288677368
0.8515498607737007
0.36757803090796726
0.14260061551145498
-0.02147145409092099
0.11060130897160797
0.2133595411152489
0.40886853004572077
-0.5695164017981243
0.40308553694941274
-0.1169285935318913
0.1672719002305676
0.6261212420050719
0.35128090073011453
-0.4545466462854614
-0.269055244905479
-0.40838394930492666
0.8588578657509727
0.3280828809317066
0.2924135332951505
-0.7118358231832322
-0.4122385640093045
0.2673757760480364
0.28598710477491074
0.5330481711728006
-0.20908586079829977
-0.2891553962658442
0.2284694835786475
0.45016352096737194
-0.3234876393948809
0.9789640034416608
0.41556219708842623
0.38375552195183205
0.8171197577540907
0.5563133190966798
0.21580430310785992
0.07613286859278866
0.698909630470469
-0.07078964461462496
0.023111889792513923
0.21375254721468587
0.15561061747997113
-0.03381291628218165
0.08158276792353064
-0.5751686558207453
0.42490102781232053
-0.01396080639797408
0.5602645855774795
0.7494308100055673
0.2171566702795458
0.42030934811443577
0.23709039644976843
0.2256514272717307
0.8432474249217637
0.4952695302872455
0.44840701228208557
0.5606279607686966
-0.6283023815316697
-0.3245076838918266
0.13965337299564765
0.3306343170554355
0.45275445713578877
-0.4797015210353625
0.8210441303513267
0.1961694148691716
-0.29902710954135137
-0.4711751703205529
0.029861251079732226
0.27155038835441364
0.5650043091147128
0.5848319606267771
0.6932099279494396
0.46639048993311466
0.3765626632992662
0.25624155758250333
0.6983506440527116
0.0441411528242584
0.6793469391201807
0.011188371730512101
0.8055760290359885
-0.2819268422468929
0.015715527449135305
0.5094210690762153
-0.3692018360294421
0.9050681393685343
0.7488656042848028
-0.41199808203598787
0.03410366721474506
0.5108203539094877
-0.4376189794472374
0.570270097451887
0.05935051695507782
-0.07771491940297112
0.9977171324262671
0.6661299707466632
-0.31664550573575906
0.1861607466275037
0.2894015127955657
0.1957619616105845
-0.05166989503318906
0.5284864254541386
-0.4903295246539439
-0.44476938505778596
-0.12661278228210493
0.3533218571729566
-0.5120961918858273
0.5925053168505655
-0.41003689407449784
0.4342185626291377
-0.03644844182794039
0.12602984060799935
0.43353601557330157
0.3002962696780662
0.5428409374427825
0.4360584704273279
-0.2929909658164229
0.47691049699368515
-0.5865058830106084
0.5973584756826087
0.5968260848061328
-0.45672937371643013
0.30180601886582814
0.6416948451034389
0.8214409525130858
0.8182547654174342
-0.12384029307617549
0.6414349032569856
-0.1683404507323214
0.612169938139455
0.3104912453790343
-0.3999012968406414
0.7590876961914474
0.2409530588246922
