0.8582123629746763
-0.17656697558135964
0.8706768489299543
-0.8155324143809104
0.8572148753012857
-0.6020024820970171
0.09737397861852971
0.3422611860394844
0.038688385738492745
-0.1987586374585671
-0.476142595547528
0.6971126024180658
0.8919648022580671
0.985848814389356
-0.4017187077244089
0.9682403007768037
0.8982252176593177
0.473072252981836
0.4012308427800845
0.15508260949790942
0.8703375603909396
-0.2941284229642157
-0.5817730296508223
0.2227375382616203
0.5810472319586746
0.6412096713030405
0.04823232830089863
-0.2061946248703933
-0.8110905791703475
0.8476661997087703
-0.8293885426593337
0.28357358856617787
-0.984807501470404
-0.5935300034483558
-0.029625891889932154
0.039011151035214464
-0.6429823407025386
-0.25549028298979826
0.10206261726314025
-0.866121014820374
-0.0715315185913114
0.7378984009547748
0.960994340869646
-0.4639629386526888
0.7800218495206317
-0.45596397441287584
-0.41445197127725786
0.9493552215619079
0.12779187755038568
0.5177588828537137
-0.06269110328357966
-0.6310882392436228
0.32088149412646305
0.7745271962642357
-0.002243357009014328
0.7572332387454032
0.9908095522971883
-0.2445683977444664
0.547116290699569
-0.6515334991453396
-0.07382012426547825
0.9977510148729573
0.47087097977505865
0.2733719828171865
0.5963155582338588
-0.0804848347120528
-0.11913274571319926
0.459560183975749
-0.740607376801497
0.30861975353301224
0.5653355147147804
0.0991179632657899
0.4607380098517332
0.738304181182943
-0.26802574448937444
0.4639006813909069
-0.05005412386297162
0.7915551028834057
0.2647918790167956
-0.8097002177596062
-0.7369183340434151
0.5618249698026316
-0.9176146249281427
0.5767121044859732
0.7667078325153112
-0.37120948152757227
-0.33670207478017267
0.6005280399746513
0.6425417813576201
0.05916384267940284
0.03676601540325586
0.09841854755586243
-0.03940288904122363
0.11441351107373159
-0.3556932210229112
0.8978642501902194
0.3189252569642407
-0.5190767588276746
0.8542232561374735
-0.9032881424552259
-0.30128682048799327
-0.3455437930369104
0.49209448385993937
0.9259442919250712
-0.7352519707776732
0.48118895776907933
-0.31472193644482005
0.908665947960576
0.4686783498194722
0.952612902605293
0.4120863960818848
-0.5617081435465442
0.5119862203752215
0.37416636842604656
0.2145960985382771
0.4204688624023934
0.3720273034769246
-0.9981080877004256
0.8612569306498419
-0.27440023018494025
-0.3864782258331697
-0.7160347585553793
0.9531825084181099
-0.34336444875470495
0.6026659969502839
-0.028837289132481448
0.2290755649982325
0.048209144205111555
-0.7740030793193806
0.3848267499322824
0.9333068892526839
0.1797914204488535
0.04655903470214506
0.6487089866131471
0.5896601659712988
-0.85660251539685
0.4110638352652153
0.23580191768530556
-0.24014839728761345
0.17038714068485833
0.7494993523268567
-0.6493681220291189
-0.43939353340868004
0.4942428412236056
0.32078486599245204
0.17511898071809562
-0.22850998975546835
0.8507923323037249
-0.33532455207466416
-0.2673174971739866
0.35487951540170104
0.7983629792273643
0.42169159445785004
0.35851421235657177
0.28640828962401077
0.015132974777658625
-0.027300718877791574
-0.9728205742164664
-0.3433396990146824
-0.36522362890412763
-0.9040346716363519
0.05089507700574933
0.5190386167631839
0.6709107829564793
-0.7917875395455706
0.88405710483817
-0.19905973891742731
-0.8741088223890091
0.6872999615630153
0.19278599883250147
-0.549076830465108
0.904893210349952
0.7531176546891112
0.028881480853646575
0.08785095187994568
-0.8811530780933385
0.8393128965904433
0.4022326904247653
0.8582544766535557
-0.009400212936760133
