-0.12028862303012947
0.017614083570537585
0.10362366066729856
0.5881981035003135
-0.13422997966458242
0.8562960927907792
-0.10036547169475205
0.9838901896025048
0.1628054018432955
-0.4879647681364086
-0.36575582921755934
-0.1744364476148234
-0.21953521383448638
0.2528377320446813
-0.12979529367273218
0.41834701992458045
0.05802465668628423
-0.02911702080218445
-0.0019355033047764583
0.13344054159932645
0.37730392183758177
0.4661121716040941
0.060870776963108324
-0.04963991040229335
0.3117380905719456
0.11512250459632097
0.05546092453301515
0.16983663253626913
-0.10025298936424093
-0.027848152814051775
0.262423061608286
-0.12199934547698596
-0.007779454848152978
0.12209829815893614
0.6738484460632709
-0.05585169183411062
0.39273778431092166
-0.21545646758384135
-0.1397524415075309
0.16785863447233693
-0.2611059654905509
0.23513454874906653
0.029304939760215545
0.4234390299782062
-0.37982091274272456
-0.03433796195709691
0.08079517244791076
0.13491860993229687
0.18017814046765532
-0.12955553991333632
0.18392921798241685
-0.15755191657109122
0.2870814891368041
0.4748581805188774
-0.0018697983497440143
0.41511045190730056
-0.07417244787194896
0.7868037763539854
0.36966378195392563
0.0214703636225977
-0.08162963751056002
-0.14571688591204562
0.20935745411363132
-0.32132499147357246
-0.216735482819956
0.039147354203738216
0.1427989053815576
0.27124085935022313
0.6516911591491747
0.883642221638775
0.041031293877539676
0.5389099523655616
0.3854759885383553
-0.4698858698637776
0.25774102297231427
0.27864105943251277
0.3779984320772213
-0.31045085299875064
-0.12968674611253062
0.007433353837837922
0.015010247081626382
0.8237168884948458
-0.14579559400440217
-0.057838375363407545
0.0366090259297767
0.24796041331169183
0.26973624673258356
-0.31065099747259817
0.3207297746432036
-0.0829264240047754
0.1460643817860799
0.16224858663183828
-0.5200516948702532
0.005821573873194043
0.3685610593976796
0.30282382039937616
0.09209126860196355
-0.010212094142334333
-0.012944871847249434
0.0681298288098679
0.5932531436719588
-0.017097353300393255
-0.07362977701372098
0.4103141429503512
0.26649360121440957
0.17579178962596292
0.17785997634192102
-0.4977348679996405
-0.25780971780205786
0.2698805263163069
-0.015126246478140665
0.4939875554966281
0.5332674840801855
0.18273726489754488
-0.05862624987291633
0.11284043751115946
-0.0544598086194059
0.035206134381098306
-0.09965932937408711
-1.6502014784037882E-4
0.3181714468485393
-0.015871354006336057
-0.31540815126472277
0.2538541774360943
-0.08884141170719159
-0.12852315099961126
-0.30809777002092614
-0.22204307740178492
0.22855378363615986
-0.16411044773696554
-0.09136607764305041
-0.10425575538190562
-0.4012002281853534
-0.35007926007272905
0.3633910282952011
0.8931048562850187
0.924108724031608
0.23526188337635284
-0.08389963313236837
0.4514042013297569
0.6114330873680535
-0.41272012418047554
0.8744846865322283
0.382922259288749
-0.5013658863406848
-0.07878288918836278
0.29562104039446757
0.1087417688241788
-0.2590045083278834
-0.2899202065780222
0.5775497143646038
-0.05482264458364697
-0.20636421685010248
0.2629671376168997
0.013496694003224721
3.0084801313064137E-4
-0.07747358776523897
-0.011503586178370658
0.06771559771867836
0.05168817798478871
0.45920540660505693
-0.17495894831618317
-0.3595874405579432
0.11799309348301223
0.9342527991655203
0.006014327151139361
0.04758835714564799
0.6344165889715527
-0.022391838671544505
-0.14580680455143918
-0.11532707370468798
-0.15134772379070754
-0.2068785225170168
0.918310337821515
0.7894490429736136
0.269362073705553
-0.007456527694409434
0.23154854962297755
0.05741891068540349
0.21683493839496862
